# Created by Octave 3.8.1, Wed May 13 22:28:22 2015 EEST <dmitry@dmitry-Inspiron-N5110>
# name: p
# type: scalar
1


